1 15 10 32
1 14 45 68
1 8 84 91
1 4 133 136
1 11 161 169
1 12 193 198
1 9 257 260
1 5 276 282
1 7 313 317
1 3 340 348
1 6 364 371
1 2 395 403
1 10 419 423
1 1 441 444
1 13 469 473
2 15 6 33
2 14 45 68
2 8 83 89
2 4 120 125
2 11 160 167
2 9 256 259
2 5 276 281
2 7 313 316
2 3 339 344
2 6 365 371
2 2 393 400
2 10 419 421
2 1 440 443
2 13 469 474
3 11 0 25
3 15 40 57
3 5 69 96
3 12 108 128
3 1 183 187
3 4 222 244
3 3 248 263
3 9 276 280
3 13 306 310
3 6 333 356
3 14 367 389
3 10 404 406
3 2 432 442
3 7 457 460
3 8 482 489
4 11 9 23
4 15 38 58
4 5 73 99
4 12 110 128
4 1 184 190
4 4 222 240
4 3 254 263
4 9 278 280
4 13 296 301
4 6 334 354
4 14 368 390
4 10 404 407
4 2 434 443
4 7 459 461
4 8 481 489
5 7 10 14
5 11 43 64
5 15 85 97
5 2 115 132
5 13 143 147
5 9 180 186
5 3 207 226
5 10 239 243
5 6 263 275
5 1 291 294
5 14 354 370
5 4 385 401
5 5 417 437
5 8 453 462
5 12 490 508
6 7 9 12
6 11 42 57
6 15 82 97
6 2 114 131
6 13 142 145
6 9 179 185
6 3 208 225
6 10 238 241
6 6 262 276
6 1 292 296
6 14 353 369
6 4 385 410
6 5 417 435
6 8 452 464
6 12 490 508
7 7 8 18
7 15 33 49
7 1 68 87
7 8 98 115
7 12 133 158
7 9 171 183
7 6 196 222
7 13 228 242
7 2 265 289
7 3 301 324
7 14 334 355
7 4 369 378
7 11 402 423
7 5 465 491
7 10 505 518
8 7 9 20
8 15 40 42
8 1 67 88
8 8 97 119
8 12 133 158
8 9 170 184
8 13 229 252
8 2 267 290
8 3 304 325
8 14 332 358
8 4 363 385
8 11 395 417
8 5 465 494
8 10 508 520
9 14 7 25
9 2 36 58
9 13 68 86
9 10 106 112
9 3 131 152
9 7 164 177
9 6 191 218
9 8 226 247
9 5 262 287
9 4 288 304
9 12 307 315
9 11 338 358
9 1 371 375
9 15 488 509
9 9 504 506
10 14 7 25
10 2 43 60
10 13 68 86
10 10 107 112
10 3 144 153
10 7 164 181
10 6 188 213
10 8 225 238
10 5 261 276
10 12 296 311
10 11 340 357
10 1 372 375
10 4 422 449
10 15 485 503
